0.944517185899
100 0.8704 0.87499223595 0.0741171858995 0.0695249499495
600 0.9856 0.81017799625 0.0410828141005 0.134339189649
1100 0.982109090909 0.919183763018 0.0375919050096 0.0253334228813
1600 0.9648 0.929679250697 0.0202828141005 0.0148379352026
2100 0.958171428571 0.89351059015 0.013654242672 0.0510065957495
2600 0.967876923077 0.912385066546 0.0233597371775 0.0321321193533
3100 0.956283870968 0.896945446171 0.0117666850683 0.0475717397285
3600 0.947911111111 0.87499223595 0.00339392521165 0.0695249499495
4100 0.94407804878 0.898704762669 0.000439137118976 0.04581242323
4600 0.938295652174 0.910921868827 0.00622153372555 0.0335953170723
5100 0.944690196078 0.903586753465 0.000173010178968 0.0409304324348
5600 0.943085714286 0.897561480131 0.00143147161375 0.0469557057683
6100 0.937127868852 0.890930163745 0.007389317047 0.0535870221544
6600 0.934012121212 0.883830541364 0.0105050646873 0.0606866445359
7100 0.929532394366 0.87910018072 0.0149847915333 0.0654170051798
7600 0.934736842105 0.882667606441 0.0097803437942 0.0618495794587
8100 0.93550617284 0.886994872931 0.00901101305996 0.057522312968
8600 0.939162790698 0.88403608335 0.00535439520179 0.0604811025495
9100 0.942136263736 0.899564667485 0.0023809221632 0.0449525184149
9600 0.944266666667 0.906386633305 0.000250519232797 0.0381305525948
10100 0.94137029703 0.902907279781 0.00314688886976 0.0416099061183
10600 0.93560754717 0.900673349793 0.00890963872965 0.0438438361061
11100 0.937052252252 0.914406300632 0.00746493364721 0.0301108852671
11600 0.938151724138 0.91522176404 0.00636546176153 0.0292954218598
12100 0.937044628099 0.907131528363 0.00747255780029 0.0373856575363
12600 0.936025396825 0.904312963433 0.00849178907407 0.0402042224662
13100 0.934106870229 0.897256669435 0.0104103156705 0.0472605164648
13600 0.937976470588 0.907161068154 0.00654071531123 0.0373561177455
14100 0.94030070922 0.914294487683 0.00421647667961 0.0302226982165
14600 0.939309589041 0.917609818218 0.00520759685837 0.026907367681
15100 0.939401324503 0.912335539618 0.00511586139615 0.0321816462813
15600 0.9408 0.916747563449 0.00371718589946 0.0277696224505
16100 0.943383850932 0.924508704789 0.00113333496779 0.0200084811104
16600 0.941339759036 0.922431574044 0.00317742686332 0.0220856118558
17100 0.943307602339 0.929572648329 0.00120958356028 0.0149445375706
17600 0.9456 0.934650797492 0.00108281410054 0.00986638840746
18100 0.943805524862 0.933539905513 0.000711661037585 0.0109772803862
18600 0.942933333333 0.933011434391 0.00158385256613 0.0115057515084
19100 0.945591623037 0.937600755451 0.00107443713719 0.00691643044872
19600 0.9472 0.936499626686 0.00268281410054 0.00801755921379
20100 0.947072636816 0.935453280446 0.00255545091646 0.00906390545324
20600 0.946951456311 0.935873572756 0.00243427041122 0.00864361314392
21100 0.945865402844 0.938117004947 0.00134821694414 0.00640018095258
21600 0.94482962963 0.93845617899 0.000312443730166 0.00606100690992
22100 0.943609049774 0.93438084925 0.000908136125708 0.0101363366497
22600 0.944821238938 0.934357490896 0.000304053038589 0.010159695003
23100 0.943875324675 0.9351768871 0.000641861224139 0.0093402987995
23600 0.943511864407 0.931842013992 0.00100532149268 0.0126751719076
24100 0.944650622407 0.933889823063 0.000133436507175 0.0106273628362
24600 0.945222764228 0.93387834397 0.000705578328178 0.0106388419294
25100 0.942712350598 0.930768633461 0.00180483530185 0.0137485524387
25600 0.9422 0.926261312275 0.00231718589946 0.0182558736243
26100 0.942197701149 0.926769128584 0.00231948475004 0.0177480573156
26600 0.940270676692 0.921044458895 0.00424650920773 0.0234727270048
27100 0.939831734317 0.920553537289 0.00468545158212 0.0239636486106
27600 0.939965217391 0.922546161817 0.00455196850816 0.0219710240827
28100 0.938454092527 0.92446787444 0.00606309337277 0.0200493114596
28600 0.936458741259 0.921563306783 0.00805844464072 0.0229538791161
29100 0.937786941581 0.922433586658 0.00673024431871 0.0220835992413
29600 0.938810810811 0.926887421115 0.00570637508865 0.0176297647843
30100 0.938184717608 0.92796334215 0.00633246829149 0.0165538437495
30600 0.939335947712 0.931863554118 0.00518123818705 0.0126536317814
31100 0.938803858521 0.93157444199 0.00571332737856 0.0129427439092
31600 0.937883544304 0.932832791632 0.00663364159567 0.0116843942679
32100 0.9377894081 0.932537588955 0.00672777779978 0.0119795969448
32600 0.937933742331 0.934935466838 0.00658344356818 0.00958171906131
33100 0.939311178248 0.933148819608 0.00520600765173 0.0113683662912
33600 0.9392 0.932283394256 0.00531718589946 0.0122337916433
34100 0.938416422287 0.931443347947 0.00610076361207 0.0130738379527
34600 0.940097109827 0.934561392668 0.00442007607287 0.00995579323101
35100 0.940562962963 0.936759652416 0.0039542229365 0.00775753348326
35600 0.9408 0.937803788468 0.00371718589946 0.00671339743125
36100 0.941243213296 0.936933822367 0.00327397260306 0.00758336353261
36600 0.943353005464 0.94060337204 0.00116418043498 0.00391381385975
37100 0.943335849057 0.939195020558 0.00118133684286 0.00532216534101
37600 0.941889361702 0.940151232244 0.00262782419734 0.00436595365536
38100 0.94142152231 0.942103043198 0.00309566358975 0.00241414270108
38600 0.941960621762 0.942744945066 0.00255656413781 0.00177224083305
39100 0.941896675192 0.943867725964 0.00262051070765 0.000649459935822
39600 0.940993939394 0.940297492617 0.00352324650552 0.00421969328208
40100 0.941199002494 0.939240765328 0.0033181834057 0.00527642057108
40600 0.94045320197 0.937970604328 0.00406398392902 0.00654658157106
41100 0.940161557178 0.936021702529 0.00435562872185 0.00849548337067
41600 0.939815384615 0.936690406434 0.00470180128408 0.00782677946585
42100 0.940267933492 0.93757415623 0.00424925240778 0.0069430296691
42600 0.940589671362 0.938437160727 0.00392751453796 0.00608002517274
43100 0.940012993039 0.936573282718 0.00450419286002 0.00794390318117
43600 0.940682568807 0.934306184666 0.00383461709212 0.0102110012332
44100 0.941162811791 0.934074604112 0.00335437410808 0.0104425817876
44600 0.940771300448 0.935156126613 0.00374588545103 0.00936105928628
45100 0.941410199557 0.938153784394 0.00310698634292 0.00636340150571
45600 0.941136842105 0.937887633027 0.0033803437942 0.0066295528722
46100 0.941147071584 0.93910350125 0.00337011431595 0.00541368464972
46600 0.940717596567 0.939041500718 0.00379958933294 0.00547568518159
47100 0.941982165605 0.939393646098 0.00253502029437 0.00512353980173
47600 0.942951260504 0.939738393465 0.00156592539526 0.00477879243406
48100 0.942835758836 0.940075973528 0.0016814270637 0.00444121237133
48600 0.94446090535 0.941606871197 5.62805496696e-05 0.00291031470228
49100 0.944384521385 0.942116555476 0.000132664514535 0.00240063042313
49600 0.944309677419 0.942223942252 0.000207508480109 0.00229324364779
50100 0.944338522954 0.942135130969 0.000178662945372 0.00238205493094
50600 0.943860869565 0.941855937775 0.000656316334246 0.0026612481246
51100 0.944494716243 0.943675035945 2.24696568024e-05 0.000842149954299
51600 0.94367751938 0.941125370062 0.000839666519619 0.003391815837
52100 0.943416506718 0.941610326851 0.00110067918161 0.00290685904864
52600 0.944231178707 0.942825389857 0.000286007192239 0.00169179604295
53100 0.944210922787 0.942552841739 0.00030626311227 0.00196434416052
53600 0.944382089552 0.942285378474 0.000135096347225 0.00223180742516
54100 0.944029574861 0.942382272607 0.000487611038096 0.00213491329285
54600 0.944293040293 0.942477392121 0.000224145606423 0.00203979377835
55100 0.945016333938 0.943100121225 0.00049914803883 0.00141706467491
55600 0.944207194245 0.943886508725 0.000309991654859 0.000630677174864
56100 0.944096969697 0.943619077985 0.000420216202494 0.00089810791421
56600 0.943672084806 0.944902294849 0.00084510109381 0.000385108949524
57100 0.943971978984 0.945822508407 0.000545206915226 0.00130532250724
57600 0.944044444444 0.945207662292 0.000472741455019 0.000690476392162
58100 0.944159724613 0.944603398726 0.000357461286727 8.62128263991e-05
58600 0.944622525597 0.944673073853 0.000105339697806 0.000155887953226
59100 0.944687648054 0.942767532286 0.000170462154682 0.00174965361346
59600 0.944536912752 0.941546455239 1.97268522141e-05 0.00297073066024
60100 0.944772046589 0.941478057539 0.000254860689554 0.0030391283604
60600 0.944834323432 0.941410788514 0.000317137532879 0.00310639738564
61100 0.944937479542 0.940708146742 0.000420293642271 0.00380903915711
61600 0.945496103896 0.942699968494 0.00097891799664 0.00181721740575
62100 0.945262479871 0.941058924726 0.000745293971712 0.00345826117318
62600 0.945891373802 0.941463069636 0.00137418790245 0.00305411626356
63100 0.945901743265 0.941860809713 0.0013845573652 0.00265637618611
63600 0.946274213836 0.941487977152 0.00175702793701 0.00302920874785
64100 0.945722308892 0.94112096101 0.00120512299289 0.00339622488897
64600 0.945178947368 0.940157636391 0.000661761468957 0.0043595495081
65100 0.944997849462 0.938163718423 0.000480663562902 0.00635346747692
65600 0.944156097561 0.937089415297 0.000361088338488 0.00742777060278
66100 0.944450226929 0.938237598441 6.69589705682e-05 0.00627958745858
66600 0.943778978979 0.935865069182 0.000738206920485 0.00865211671775
67100 0.94422414307 0.936135922582 0.000293042829419 0.00838126331746
67600 0.944321893491 0.934676946325 0.00019529240834 0.00984023957487
68100 0.944455800294 0.93466702052 6.13856057781e-05 0.0098501653799
68600 0.945072886297 0.93423207311 0.000555700397912 0.0102851127893
69100 0.945532850941 0.934366206616 0.0010156650412 0.0101509792837
69600 0.94536091954 0.934358727054 0.000843733640766 0.010158458845
70100 0.946140941512 0.935876939006 0.00162375561266 0.00864024689323
70600 0.947018696884 0.936685109999 0.00250151098439 0.00783207590078
71100 0.947019971871 0.935977786385 0.00250278597114 0.00853939951448
71600 0.947700558659 0.937996022027 0.00318337275975 0.00652116387241
72100 0.947661581137 0.937559102567 0.00314439523785 0.00695808333203
72600 0.948363636364 0.938601252184 0.00384645046417 0.005915933715
73100 0.948845964432 0.938166169994 0.00432877853282 0.00635101590539
73600 0.949530434783 0.940907260971 0.00501324888314 0.00360992492851
74100 0.949100134953 0.940068881479 0.0045829490533 0.00444830442076
74600 0.948984450402 0.940284328624 0.00446726450268 0.00423285727584
75100 0.948870306258 0.939072892378 0.00435312035886 0.00544429352174
75600 0.948859259259 0.939292076922 0.0043420733598 0.00522510897728
76100 0.949016557162 0.939508381249 0.00449937126217 0.00500880465023
76600 0.948871018277 0.93921417842 0.0043538323773 0.00530300747914
77100 0.949125810636 0.938545498224 0.00460862473607 0.00597168767557
77600 0.94858556701 0.938511861326 0.00406838111085 0.00600532457341
78100 0.948380025608 0.939723486867 0.00386283970873 0.00479369903273
78600 0.947753689567 0.939930166947 0.00323650366797 0.00458701895237
79100 0.948559292035 0.941363328437 0.00404210613593 0.00315385746278
79600 0.949226130653 0.94326703493 0.0047089447538 0.00125015096904
80100 0.948638202247 0.942355350245 0.00412101634773 0.00216183565456
80600 0.948406947891 0.94278181916 0.00388976199136 0.0017353667397
81100 0.947673489519 0.941884367428 0.00315630361965 0.00263281847121
81600 0.947576470588 0.941593632995 0.00305928468877 0.00292355290484
82100 0.94797953715 0.942372203775 0.00346235125035 0.00214498212496
82600 0.948470702179 0.943376751566 0.00395351627971 0.00114043433383
83100 0.948524669073 0.944135224511 0.00400748317394 0.000381961388674
83600 0.948363636364 0.943140222429 0.00384645046417 0.00137696347068
84100 0.94856979786 0.943428674539 0.00405261196023 0.00108851136021
84600 0.948682742317 0.944747986833 0.00416555641732 0.000230800933297
85100 0.948583783784 0.943995410061 0.00406659788432 0.000521775838811
85600 0.948037383178 0.945182423102 0.00352019727811 0.000665237202248
86100 0.947764924506 0.945000648169 0.00324773860692 0.000483462270008
86600 0.947584295612 0.945382296502 0.00306710971255 0.000865110602285
87100 0.948081745121 0.946317665057 0.00356455922109 0.00180047915779
87600 0.948164383562 0.947353339177 0.00364719766218 0.00283615327721
88100 0.94766492622 0.947715137134 0.00314774032074 0.00319795123489
88600 0.947893453725 0.947085275707 0.00337626782514 0.0025680898071
89100 0.9480332211 0.946789828076 0.00351603520042 0.00227264217608
89600 0.948085714286 0.946606183833 0.00356852838625 0.00208899793331
90100 0.947938734739 0.946856193176 0.00342154883971 0.00233900727613
90600 0.947454304636 0.94699613469 0.0029371187363 0.00247894879006
91100 0.947452908891 0.946707662533 0.00293572299186 0.00219047663403
91600 0.947507423581 0.94589165536 0.00299023768132 0.00137446946032
92100 0.94733897937 0.946984599916 0.00282179347079 0.00246741401694
92600 0.946978833693 0.946700862918 0.00246164779384 0.0021836770188
93100 0.947117508056 0.945793612722 0.00260032215639 0.00127642682268
93600 0.946953846154 0.945934745109 0.00243666025438 0.00141755920931
94100 0.946900743889 0.945454475284 0.00238355799002 0.000937289384289
94600 0.947010570825 0.945493137273 0.00249338492506 0.000975951373223
95100 0.947711461619 0.946042546031 0.00319427571988 0.00152536013173
95600 0.94760167364 0.94526416006 0.0030844877407 0.00074697416038
96100 0.947466389178 0.945404375645 0.00294920327848 0.000887189745397
96600 0.947306004141 0.945845069411 0.00278881824132 0.00132788351136
97100 0.947331822863 0.94748272443 0.00281463696356 0.00296553853062
97600 0.947226229508 0.946414074882 0.00270904360873 0.00189688898221
98100 0.947382670744 0.945752736173 0.00286548484467 0.00123555027343
98600 0.947563488844 0.944900901184 0.00304630294435 0.000383715284725
99100 0.947716649849 0.944646287696 0.00319946394917 0.000129101796711
99600 0.947585542169 0.943808559728 0.00306835626921 0.000708626171643
